VNF=0:VNF0,3,5,500,;1:VNF1,5,5,300,;2:VNF2,5,2,600,;3:VNF3,2,5,1000,;4:VNF4,3,5,400,;5:VNF5,3,5,300,;6:VNF6,3,5,200,;VLINKS=(0,1):30,4,;(1,2):20,5,;(2,3):20,5,;(3,4):20,5,;(4,5):20,5,;(3,6):20,5,;
VNF=0:VNF0,3,5,255,;1:VNF1,5,5,128,;2:VNF2,5,2,205,;VLINKS=(0,1):35,4,;(1,2):20,5,;
VNF=0:VNF0,3,5,700,;1:VNF1,5,5,300,;2:VNF2,5,2,1000,;3:VNF3,2,5,1000,;4:VNF4,3,5,400,;5:VNF5,3,5,500,;6:VNF6,3,5,200,;VLINKS=(0,1):50,4,;(1,2):20,5,;(2,3):25,5,;(3,4):25,5,;(4,5):20,5,;(3,6):20,5,;
VNF=0:VNF0,3,3,200,;1:VNF1,5,5,150,;2:VNF2,5,2,600,;3:VNF3,2,5,200,;VLINKS=(0,1):50,4,;(1,2):20,5,;(2,3):25,5,;
VNF=0:VNF0,3,5,500,;1:VNF1,5,5,300,;2:VNF2,5,2,600,;3:VNF3,2,5,1000,;VLINKS=(0,1):50,4,;(1,2):20,5,;(2,3):25,5,;
VNF=0:VNF0,3,5,500,;1:VNF1,5,5,100,;2:VNF2,5,2,200,;3:VNF3,2,5,400,;4:VNF4,3,5,300,;VLINKS=(0,1):50,4,;(1,2):20,5,;(2,3):25,5,;(3,4):10,5,;
VNF=0:VNF0,3,5,250,;1:VNF1,5,5,150,;2:VNF2,3,2,200,;3:VNF3,2,3,200,;4:VNF4,3,5,170,;VLINKS=(0,1):20,2,;(1,2):10,5,;(2,3):15,5,;(3,4):10,5,;
VNF=0:VNF0,3,5,255,;1:VNF1,5,5,128,;2:VNF2,5,2,205,;VLINKS=(0,1):35,4,;(1,2):20,5,;
VNF=0:VNF0,3,5,700,;1:VNF1,5,5,300,;2:VNF2,5,2,1000,;3:VNF3,2,5,1000,;4:VNF4,3,5,400,;5:VNF5,3,5,500,;6:VNF6,3,5,200,;VLINKS=(0,1):50,4,;(1,2):20,5,;(2,3):25,5,;(3,4):25,5,;(4,5):20,5,;(3,6):20,5,;
VNF=0:VNF0,3,5,275,;1:VNF1,5,5,325,;2:VNF2,5,2,200,;3:VNF3,2,5,400,;4:VNF4,3,5,300,;VLINKS=(0,1):50,4,;(1,2):20,5,;(2,3):25,5,;(3,4):10,5,;
VNF=0:VNF0,3,5,700,;1:VNF1,5,5,300,;2:VNF2,5,2,1000,;3:VNF3,2,5,1000,;4:VNF4,3,5,400,;5:VNF5,3,5,500,;6:VNF6,3,5,200,;VLINKS=(0,1):50,4,;(1,2):20,5,;(2,3):25,5,;(3,4):25,5,;(4,5):20,5,;(3,6):20,5,;
VNF=0:VNF0,3,5,250,;1:VNF1,5,5,150,;2:VNF2,3,2,200,;3:VNF3,2,3,200,;4:VNF4,3,5,170,;VLINKS=(0,1):20,2,;(1,2):10,5,;(2,3):15,5,;(3,4):10,5,;
VNF=0:VNF0,3,5,400,;1:VNF1,5,5,128,;2:VNF2,5,2,215,;VLINKS=(0,1):35,4,;(1,2):20,5,;
VNF=0:VNF0,3,5,700,;1:VNF1,5,5,300,;2:VNF2,5,2,1000,;3:VNF3,2,5,1000,;4:VNF4,3,5,400,;5:VNF5,3,5,500,;6:VNF6,3,5,200,;VLINKS=(0,1):50,4,;(1,2):20,5,;(2,3):25,5,;(3,4):25,5,;(4,5):20,5,;(3,6):20,5,;
VNF=0:VNF0,3,5,400,;1:VNF1,5,5,128,;2:VNF2,5,2,380,;VLINKS=(0,1):35,4,;(1,2):100,5,;
VNF=0:VNF0,3,5,400,;1:VNF1,5,5,128,;2:VNF2,5,2,215,;VLINKS=(0,1):35,4,;(1,2):20,5,;
VNF=0:VNF0,3,3,100,;1:VNF1,5,5,150,;2:VNF2,5,2,160,;3:VNF3,2,5,200,;VLINKS=(0,1):15,4,;(1,2):20,5,;(2,3):15,5,;
VNF=0:VNF0,3,5,400,;1:VNF1,5,5,128,;2:VNF2,5,2,215,;VLINKS=(0,1):35,4,;(1,2):20,5,;
VNF=0:VNF0,3,3,100,;1:VNF1,5,5,150,;2:VNF2,5,2,160,;3:VNF3,2,5,200,;VLINKS=(0,1):15,4,;(1,2):20,5,;(2,3):15,5,;
VNF=0:VNF0,3,5,700,;1:VNF1,5,5,300,;2:VNF2,5,2,1000,;3:VNF3,2,5,1000,;4:VNF4,3,5,400,;5:VNF5,3,5,500,;6:VNF6,3,5,200,;VLINKS=(0,1):150,4,;(1,2):20,5,;(2,3):75,5,;(3,4):200,5,;(4,5):20,5,;(3,6):20,5,;
VNF=0:VNF0,3,3,100,;1:VNF1,5,5,150,;2:VNF2,5,2,160,;3:VNF3,2,5,200,;VLINKS=(0,1):15,4,;(1,2):20,5,;(2,3):15,5,;
VNF=0:VNF0,3,5,700,;1:VNF1,5,5,300,;2:VNF2,5,2,1000,;3:VNF3,2,5,1000,;4:VNF4,3,5,400,;5:VNF5,3,5,500,;6:VNF6,3,5,200,;VLINKS=(0,1):50,4,;(1,2):20,5,;(2,3):25,5,;(3,4):25,5,;(4,5):20,5,;(3,6):20,5,;
VNF=0:VNF0,3,3,100,;1:VNF1,5,5,150,;2:VNF2,5,2,160,;3:VNF3,2,5,200,;VLINKS=(0,1):15,4,;(1,2):20,5,;(2,3):15,5,;
VNF=0:VNF0,3,5,700,;1:VNF1,5,5,300,;2:VNF2,5,2,1000,;3:VNF3,2,5,1000,;4:VNF4,3,5,400,;5:VNF5,3,5,500,;6:VNF6,3,5,200,;VLINKS=(0,1):50,4,;(1,2):20,5,;(2,3):25,5,;(3,4):25,5,;(4,5):20,5,;(3,6):20,5,;
VNF=0:VNF0,3,3,100,;1:VNF1,5,5,150,;2:VNF2,5,2,160,;3:VNF3,2,5,200,;VLINKS=(0,1):15,4,;(1,2):20,5,;(2,3):15,5,;
VNF=0:VNF0,3,5,400,;1:VNF1,5,5,128,;2:VNF2,5,2,215,;VLINKS=(0,1):35,4,;(1,2):20,5,;
